25  25  15  18  25  24  26  42  15  29  25  35  23  19  25  25  25 15   18  25
12  11  10  11  20  7   14  16  1   30  25  7   11  21  20  12  11 10   11  20
15  8   13  22  15  20  13  15  35  5  1  26  6  16  15  15  8  13  22  15
26  5   31  9   23  21  16  25  20  18  18  6  46  25  23  26  5  31  9  23
14  35  21  32  27  12  46  27  48  28  5  67  13  23  27  14  35  21  32  27
22  23  19  18  19  23  5  5  9  5  19  32  42  32  19  22  23  19  18  19
21  12  16  17  21  35  7  26  6  67  32  21  11  15  21  21  12  16  17  21
18  21  27  23  18  5  23  65  10  16  67  57  28  32  18  18  21  27  23  18
22  20  23  35  24  8  11  25  35  11  21  17  21  21  24  22  20  23  35  24
21  17  19  30  19  11  25  11  21  17  21  24  22  24  20  21  17  19  30  19
19  26  21  16  21  25  9  12  15  26  14  22  21  18  21  19  26  21  16  21
25  24  31  13  16  26  42  15  29  25  35  23  19  25  25  25  24  31  13  16
25  22  18  26  25  26  6  16  15  15  8  13  22  15  25  25  22  18  26  25
12  32  32  22  23  6  46  25  23  26  5  31  9  23  20  12  32  32  22  23
15  25  25  16  25  67  13  23  27  14  35  21  32  27  15  15  25  25  16  25
15  8  13  22  15  20  13  15  35  5  1  26  6  16  15  15  8  13  22  15
26  5  31  9  23  21  16  25  20  18  18  6  46  25  23  26  5  31  9  23
18  21  27  23  18  5  23  65  10  16  67  57  28  32  18  18  21  27  23  18
22  20  23  35  24  8  11  25  35  11  21  17  21  21  24  22  20  23  35  24
21  17  19  30  19  11  25  11  21  17  21  24  22  24  20  21  17  19  30  19
